{
    "cameras": {
        "IMG_20251112_112433.jpg": {
            "R": [
                [
                    1.0,
                    0.0,
                    0.0
                ],
                [
                    0.0,
                    1.0,
                    0.0
                ],
                [
                    0.0,
                    0.0,
                    1.0
                ]
            ],
            "t": [
                0.0,
                0.0,
                0.0
            ],
            "intrinsics": {
                "fx": 1080.0,
                "fy": 1080.0,
                "cx": 540.0,
                "cy": 720.0
            }
        },
        "IMG_20251112_112440.jpg": {
            "R": [
                [
                    0.9910570796615964,
                    0.0442337729926653,
                    0.1258937575079139
                ],
                [
                    -0.048166274194434075,
                    0.9984365104237486,
                    0.0283644968768055
                ],
                [
                    -0.12444225521443539,
                    -0.03417466868429112,
                    0.9916381482866945
                ]
            ],
            "t": [
                -0.9965728521347046,
                0.007951580919325352,
                -0.08123776316642761
            ],
            "intrinsics": {
                "fx": 1080.0,
                "fy": 1080.0,
                "cx": 540.0,
                "cy": 720.0
            }
        },
        "IMG_20251112_112446.jpg": {
            "R": [
                [
                    0.965323470633177,
                    0.0736552713610883,
                    0.25045059002813774
                ],
                [
                    -0.07980124131863368,
                    0.9967059182675541,
                    0.014459404359689914
                ],
                [
                    -0.24856057396281311,
                    -0.033944270373013945,
                    0.9680213983069387
                ]
            ],
            "t": [
                -2.1959447860717773,
                0.003980464767664671,
                -0.007551679853349924
            ],
            "intrinsics": {
                "fx": 1080.0,
                "fy": 1080.0,
                "cx": 540.0,
                "cy": 720.0
            }
        },
        "IMG_20251112_112453.jpg": {
            "R": [
                [
                    0.9292214396760499,
                    0.14750557260809682,
                    0.3388061718681152
                ],
                [
                    -0.15406612036976325,
                    0.9880312277477331,
                    -0.007610752230685473
                ],
                [
                    -0.33587370632512886,
                    -0.04512647831223644,
                    0.9408254111972935
                ]
            ],
            "t": [
                -3.4987447261810303,
                0.3663736879825592,
                0.376151978969574
            ],
            "intrinsics": {
                "fx": 1080.0,
                "fy": 1080.0,
                "cx": 540.0,
                "cy": 720.0
            }
        },
        "IMG_20251112_112501.jpg": {
            "R": [
                [
                    0.8296011313686839,
                    0.2068903030233791,
                    0.5186119602811857
                ],
                [
                    -0.19862865613873246,
                    0.9774130841750086,
                    -0.07218254528636917
                ],
                [
                    -0.5218319842557765,
                    -0.04312847549348249,
                    0.8519573433038107
                ]
            ],
            "t": [
                -5.108458518981934,
                0.9029577970504761,
                1.783270239830017
            ],
            "intrinsics": {
                "fx": 1080.0,
                "fy": 1080.0,
                "cx": 540.0,
                "cy": 720.0
            }
        },
        "IMG_20251112_112507.jpg": {
            "R": [
                [
                    0.7798678520571691,
                    0.2309743843472063,
                    0.5817705450632289
                ],
                [
                    -0.23968528226325747,
                    0.968783140904643,
                    -0.06332607176603586
                ],
                [
                    -0.5782361963714482,
                    -0.09005586973853263,
                    0.8108839877143441
                ]
            ],
            "t": [
                -6.229223251342773,
                1.0058776140213013,
                2.1691806316375732
            ],
            "intrinsics": {
                "fx": 1080.0,
                "fy": 1080.0,
                "cx": 540.0,
                "cy": 720.0
            }
        },
        "IMG_20251112_112512.jpg": {
            "R": [
                [
                    0.7165792298411354,
                    0.2695822271133199,
                    0.6433036842618792
                ],
                [
                    -0.2768920980732211,
                    0.9564502806257487,
                    -0.09237763103444688
                ],
                [
                    -0.6401913568495711,
                    -0.11192981513229222,
                    0.7600175939407955
                ]
            ],
            "t": [
                -7.115180492401123,
                1.445988416671753,
                2.9577174186706543
            ],
            "intrinsics": {
                "fx": 1080.0,
                "fy": 1080.0,
                "cx": 540.0,
                "cy": 720.0
            }
        },
        "IMG_20251112_112518.jpg": {
            "R": [
                [
                    0.6404253525252035,
                    0.3096271401499825,
                    0.7028416620587542
                ],
                [
                    -0.32434813791095485,
                    0.9385584926418045,
                    -0.11792472736301046
                ],
                [
                    -0.6961707069941002,
                    -0.15244339924210298,
                    0.7015036398699922
                ]
            ],
            "t": [
                -7.815848350524902,
                1.8308826684951782,
                3.5756921768188477
            ],
            "intrinsics": {
                "fx": 1080.0,
                "fy": 1080.0,
                "cx": 540.0,
                "cy": 720.0
            }
        },
        "IMG_20251112_112524.jpg": {
            "R": [
                [
                    0.5006892562316732,
                    0.35303485987771094,
                    0.7903648881404709
                ],
                [
                    -0.358935176093882,
                    0.9155330878834607,
                    -0.18156184718445015
                ],
                [
                    -0.7877028678738119,
                    -0.19278369407629023,
                    0.5851142104253421
                ]
            ],
            "t": [
                -8.594615936279297,
                2.3792574405670166,
                4.790937423706055
            ],
            "intrinsics": {
                "fx": 1080.0,
                "fy": 1080.0,
                "cx": 540.0,
                "cy": 720.0
            }
        },
        "IMG_20251112_112528.jpg": {
            "R": [
                [
                    0.36101156858053335,
                    0.3697262815068154,
                    0.8561384958721141
                ],
                [
                    -0.4200308836386567,
                    0.8841232179285392,
                    -0.20469536465053112
                ],
                [
                    -0.8326131779768755,
                    -0.28570721426458207,
                    0.4744751664485931
                ]
            ],
            "t": [
                -8.792867660522461,
                2.8909332752227783,
                5.733639240264893
            ],
            "intrinsics": {
                "fx": 1080.0,
                "fy": 1080.0,
                "cx": 540.0,
                "cy": 720.0
            }
        },
        "IMG_20251112_112534.jpg": {
            "R": [
                [
                    0.2655291230017991,
                    0.3962213635674047,
                    0.8789214503530346
                ],
                [
                    -0.4073154693991455,
                    0.8723944910029457,
                    -0.27022575831305384
                ],
                [
                    -0.8738354497421407,
                    -0.2862454944981627,
                    0.39303323479504004
                ]
            ],
            "t": [
                -9.315567016601562,
                3.131532907485962,
                6.4866461753845215
            ],
            "intrinsics": {
                "fx": 1080.0,
                "fy": 1080.0,
                "cx": 540.0,
                "cy": 720.0
            }
        },
        "IMG_20251112_112541.jpg": {
            "R": [
                [
                    0.14440448224871097,
                    0.40294006482779454,
                    0.9037624962693761
                ],
                [
                    -0.46775842258080735,
                    0.8326429397680468,
                    -0.2964924838155919
                ],
                [
                    -0.8719801623954505,
                    -0.37992767602663136,
                    0.3087159817337069
                ]
            ],
            "t": [
                -9.465346336364746,
                4.030194282531738,
                7.281970024108887
            ],
            "intrinsics": {
                "fx": 1080.0,
                "fy": 1080.0,
                "cx": 540.0,
                "cy": 720.0
            }
        },
        "IMG_20251112_112547.jpg": {
            "R": [
                [
                    0.12841406689026558,
                    0.42730505290186177,
                    0.8949414613198114
                ],
                [
                    -0.3198186207214179,
                    0.8720432784330976,
                    -0.3704815385137363
                ],
                [
                    -0.9387363193488107,
                    -0.23864390271740094,
                    0.2486427365342802
                ]
            ],
            "t": [
                -10.6891450881958,
                3.152536153793335,
                8.098573684692383
            ],
            "intrinsics": {
                "fx": 1080.0,
                "fy": 1080.0,
                "cx": 540.0,
                "cy": 720.0
            }
        },
        "IMG_20251112_112551.jpg": {
            "R": [
                [
                    0.12844468839998532,
                    0.4089610358622306,
                    0.9034671179231274
                ],
                [
                    -0.3261095662363717,
                    0.8777675391521326,
                    -0.3509653800874596
                ],
                [
                    -0.9365652741966021,
                    -0.24954963105021977,
                    0.24611068406662684
                ]
            ],
            "t": [
                -11.384297370910645,
                2.968327760696411,
                8.032861709594727
            ],
            "intrinsics": {
                "fx": 1080.0,
                "fy": 1080.0,
                "cx": 540.0,
                "cy": 720.0
            }
        },
        "IMG_20251112_112554.jpg": {
            "R": [
                [
                    0.19608182165766194,
                    0.4142339605142413,
                    0.8887981464720205
                ],
                [
                    -0.29788233156539584,
                    0.8887220544899539,
                    -0.34848131428287443
                ],
                [
                    -0.9342473097400799,
                    -0.19642641324384547,
                    0.29765521736328027
                ]
            ],
            "t": [
                -11.97967529296875,
                2.611363172531128,
                7.3932085037231445
            ],
            "intrinsics": {
                "fx": 1080.0,
                "fy": 1080.0,
                "cx": 540.0,
                "cy": 720.0
            }
        },
        "IMG_20251112_112557.jpg": {
            "R": [
                [
                    0.27443560598910227,
                    0.4015982897882981,
                    0.8737298849212543
                ],
                [
                    -0.24804706814883754,
                    0.9074310208705854,
                    -0.3391778211271085
                ],
                [
                    -0.929062834338001,
                    -0.12364366542965702,
                    0.34864666046150344
                ]
            ],
            "t": [
                -12.931557655334473,
                1.9463454484939575,
                6.474976539611816
            ],
            "intrinsics": {
                "fx": 1080.0,
                "fy": 1080.0,
                "cx": 540.0,
                "cy": 720.0
            }
        },
        "IMG_20251112_112559.jpg": {
            "R": [
                [
                    0.40603571030689856,
                    0.38090439945450727,
                    0.8306905804400178
                ],
                [
                    -0.21818260032157732,
                    0.9231127048204617,
                    -0.3166374695388503
                ],
                [
                    -0.8874296337583545,
                    -0.05267611104905748,
                    0.45792343514201167
                ]
            ],
            "t": [
                -13.788835525512695,
                1.3782639503479004,
                4.762828350067139
            ],
            "intrinsics": {
                "fx": 1080.0,
                "fy": 1080.0,
                "cx": 540.0,
                "cy": 720.0
            }
        },
        "IMG_20251112_112601.jpg": {
            "R": [
                [
                    0.5187564191001863,
                    0.357878356445047,
                    0.77641152723961
                ],
                [
                    -0.18171011802545572,
                    0.9335714693448163,
                    -0.3089105770810313
                ],
                [
                    -0.835388059915586,
                    0.01916751453769397,
                    0.5493263107998019
                ]
            ],
            "t": [
                -14.373059272766113,
                0.9060826897621155,
                2.9829049110412598
            ],
            "intrinsics": {
                "fx": 1080.0,
                "fy": 1080.0,
                "cx": 540.0,
                "cy": 720.0
            }
        },
        "IMG_20251112_112603.jpg": {
            "R": [
                [
                    0.6239988861104868,
                    0.31266170934515214,
                    0.7161480612570554
                ],
                [
                    -0.1615964201972756,
                    0.9482851285290144,
                    -0.27320672025068504
                ],
                [
                    -0.7645338364731133,
                    0.05475372608396746,
                    0.6422538768801825
                ]
            ],
            "t": [
                -14.596832275390625,
                0.3554668426513672,
                1.3568968772888184
            ],
            "intrinsics": {
                "fx": 1080.0,
                "fy": 1080.0,
                "cx": 540.0,
                "cy": 720.0
            }
        },
        "IMG_20251112_112604.jpg": {
            "R": [
                [
                    0.7010694312778564,
                    0.2887930646940634,
                    0.6519970999263368
                ],
                [
                    -0.15015981961828678,
                    0.9536086994608959,
                    -0.26092619049206667
                ],
                [
                    -0.6971037807241808,
                    0.08502360905718594,
                    0.7119110230941393
                ]
            ],
            "t": [
                -14.665909273897267,
                0.11149197931229037,
                -0.11624022699015393
            ],
            "intrinsics": {
                "fx": 1080.0,
                "fy": 1080.0,
                "cx": 540.0,
                "cy": 720.0
            }
        }
    }
}